a
11111
10001
11111
10001
10001
b
11110
10001
11110
10001
11110
c
01111
10000
10000
10000
01111
d
11110
10001
10001
10001
11110
e
01111
10000
11111
10000
01111
f
01111
10000
11110
10000
10000
g
01111
10000
10111
10001
01111
h
10001
10001
11111
10001
10001
i
11111
00100
00100
00100
11111
j
01111
00010
00010
00010
11110
k
10001
10010
11100
10010
10001
l
10000
10000
10000
10000
11111
m
10001
11011
10101
10001
10001
n
10001
11101
10111
10011
10001
o
01110
10001
10001
10001
01110
p
01110
10001
11110
10000
10000
q
01110
10001
10101
10010
01101
r
01110
10001
11110
10100
10100
s
01111
10000
11111
00001
11110
t
11011
00100
00100
00100
00100
u
10001
10001
10001
10001
01110
v
10001
10001
10001
01010
00100
w
10001
10001
10101
10101
01010
x
10001
01010
00100
01010
10001
y
10001
11011
01110
00100
00100
z
11111
00010
00100
01000
11111
0
01110
10001
10101
10001
01110
1
00100
01100
00100
00100
01110
2
01110
00010
00100
01000
01111
3
11110
00001
01111
00001
11110
4
11000
10000
10100
11111
00100
5
11111
10000
11110
00001
11110
6
01100
10000
11111
10001
11111
7
11110
00010
00111
00010
00010
8
01110
10001
11111
10001
01110
9
11111
10001
11111
00001
00001
.
00000
00000
00000
11000
11000
"
01010
01010
10100
00000
00000
'
01000
01000
10000
00000
00000
>
00110
00010
11111
00010
00110
-
11111
00000
00000
00000
00000
=
11111
00000
00000
00000
11111
[
11111
10000
10000
10000
11111
]
11111
00001
00001
00001
11111
!
00100
01000
11111
01000
00100
@
00100
00100
10101
01110
00100
#
00100
01110
10101
00100
00100
$
00100
00010
11111
00010
00100
|
00000
01010
01010
01010
00000